-- Uh Oh
local Players = game:GetService('Players')
local RunService = game:GetService('RunService')

local player = Players.LocalPlayer
local camera = workspace.CurrentCamera

local root = player.Character:WaitForChild('HumanoidRootPart')

camera.CameraType = Enum.CameraType.Scriptable

local frames = {
	{cf=CFrame.new(11.635956,6.634399,-2.884193,-0.696593,-0.255052,0.670602,0.000000,0.934680,0.355489,-0.717466,0.247632,-0.651092),fov=70.000000,dt=0.016772},
	{cf=CFrame.new(11.771072,6.740540,-2.588428,-0.696593,-0.255052,0.670602,0.000000,0.934680,0.355489,-0.717466,0.247632,-0.651092),fov=70.000000,dt=0.017401},
	{cf=CFrame.new(11.824707,6.751556,-2.887398,-0.696593,-0.255052,0.670602,0.000000,0.934680,0.355489,-0.717466,0.247632,-0.651092),fov=70.000000,dt=0.018785},
	{cf=CFrame.new(11.830338,6.776764,-2.867878,-0.696593,-0.255052,0.670602,0.000000,0.934680,0.355489,-0.717466,0.247632,-0.651092),fov=70.000000,dt=0.019810},
	{cf=CFrame.new(11.832916,6.763641,-2.917713,-0.696593,-0.255052,0.670602,0.000000,0.934680,0.355489,-0.717466,0.247632,-0.651092),fov=70.000000,dt=0.023726},
	{cf=CFrame.new(11.801529,6.721375,-2.932308,-0.696593,-0.255052,0.670602,0.000000,0.934680,0.355489,-0.717466,0.247632,-0.651092),fov=70.000000,dt=0.018408},
	{cf=CFrame.new(11.763672,6.772644,-2.939892,-0.696593,-0.255052,0.670602,0.000000,0.934680,0.355489,-0.717466,0.247632,-0.651092),fov=70.000000,dt=0.020464},
	{cf=CFrame.new(11.875839,6.784393,-3.115231,-0.696593,-0.255052,0.670602,0.000000,0.934680,0.355489,-0.717466,0.247632,-0.651092),fov=70.000000,dt=0.024947},
	{cf=CFrame.new(11.995209,6.525574,-2.982174,-0.696593,-0.255052,0.670602,0.000000,0.934680,0.355489,-0.717466,0.247632,-0.651092),fov=70.000000,dt=0.019099},
	{cf=CFrame.new(11.673065,6.785492,-3.225250,-0.696593,-0.255052,0.670602,0.000000,0.934680,0.355489,-0.717466,0.247632,-0.651092),fov=70.000000,dt=0.026870},
	{cf=CFrame.new(11.608368,6.594421,-3.095375,-0.696593,-0.255052,0.670602,0.000000,0.934680,0.355489,-0.717466,0.247632,-0.651092),fov=70.000000,dt=0.051191},
	{cf=CFrame.new(11.699982,6.867920,-3.246552,-0.696593,-0.255052,0.670602,0.000000,0.934680,0.355489,-0.717466,0.247632,-0.651092),fov=70.000000,dt=0.020501},
	{cf=CFrame.new(11.592316,6.588257,-3.512138,-0.696593,-0.255052,0.670602,0.000000,0.934680,0.355489,-0.717466,0.247632,-0.651092),fov=70.000000,dt=0.016673},
	{cf=CFrame.new(11.597061,6.758942,-3.341595,-0.696593,-0.255052,0.670602,0.000000,0.934680,0.355489,-0.717466,0.247632,-0.651092),fov=70.000000,dt=0.019344},
	{cf=CFrame.new(11.594727,6.712738,-3.510384,-0.696593,-0.255052,0.670602,0.000000,0.934680,0.355489,-0.717466,0.247632,-0.651092),fov=70.000000,dt=0.022655},
	{cf=CFrame.new(11.491165,6.667053,-3.613014,-0.696593,-0.255052,0.670602,0.000000,0.934680,0.355489,-0.717466,0.247632,-0.651092),fov=70.000000,dt=0.020441},
	{cf=CFrame.new(11.356232,6.609070,-3.665733,-0.696593,-0.255052,0.670602,0.000000,0.934680,0.355489,-0.717466,0.247632,-0.651092),fov=70.000000,dt=0.019721},
	{cf=CFrame.new(11.550949,6.760681,-3.650219,-0.696593,-0.255052,0.670602,0.000000,0.934680,0.355489,-0.717466,0.247632,-0.651092),fov=70.000000,dt=0.019775},
	{cf=CFrame.new(11.501770,6.801208,-3.862556,-0.696593,-0.255052,0.670602,0.000000,0.934680,0.355489,-0.717466,0.247632,-0.651092),fov=70.000000,dt=0.022356},
	{cf=CFrame.new(11.386093,6.710175,-3.645763,-0.696593,-0.255052,0.670602,0.000000,0.934680,0.355489,-0.717466,0.247632,-0.651092),fov=70.000000,dt=0.017130},
	{cf=CFrame.new(11.384018,6.772461,-3.890610,-0.696593,-0.255052,0.670602,0.000000,0.934680,0.355489,-0.717466,0.247632,-0.651092),fov=70.000000,dt=0.014963},
	{cf=CFrame.new(11.414612,6.801422,-3.976242,-0.696593,-0.255052,0.670602,0.000000,0.934680,0.355489,-0.717466,0.247632,-0.651092),fov=70.000000,dt=0.016501},
	{cf=CFrame.new(11.168655,6.881653,-4.092724,-0.696593,-0.255052,0.670602,0.000000,0.934680,0.355489,-0.717466,0.247632,-0.651092),fov=70.000000,dt=0.015811},
	{cf=CFrame.new(11.483856,6.683533,-3.936363,-0.696593,-0.255052,0.670602,0.000000,0.934680,0.355489,-0.717466,0.247632,-0.651092),fov=70.000000,dt=0.014844},
	{cf=CFrame.new(11.244781,6.877289,-4.281536,-0.696593,-0.255052,0.670602,0.000000,0.934680,0.355489,-0.717466,0.247632,-0.651092),fov=70.000000,dt=0.015771},
	{cf=CFrame.new(11.318741,6.808960,-4.269726,-0.696593,-0.255052,0.670602,0.000000,0.934680,0.355489,-0.717466,0.247632,-0.651092),fov=70.000000,dt=0.017418},
	{cf=CFrame.new(11.315201,6.843353,-4.300053,-0.696593,-0.255052,0.670602,0.000000,0.934680,0.355489,-0.717466,0.247632,-0.651092),fov=70.000000,dt=0.016482},
	{cf=CFrame.new(11.156784,6.953369,-4.462376,-0.696593,-0.255052,0.670602,0.000000,0.934680,0.355489,-0.717466,0.247632,-0.651092),fov=70.000000,dt=0.017095},
	{cf=CFrame.new(11.346466,6.683929,-4.585190,-0.696593,-0.255052,0.670602,0.000000,0.934680,0.355489,-0.717466,0.247632,-0.651092),fov=70.000000,dt=0.016035},
	{cf=CFrame.new(11.265091,6.861694,-4.332180,-0.696593,-0.255052,0.670602,0.000000,0.934680,0.355489,-0.717466,0.247632,-0.651092),fov=70.000000,dt=0.016703},
	{cf=CFrame.new(11.313690,7.067535,-4.628040,-0.696593,-0.255052,0.670602,0.000000,0.934680,0.355489,-0.717466,0.247632,-0.651092),fov=70.000000,dt=0.016714},
	{cf=CFrame.new(11.162033,6.797394,-4.540668,-0.696633,-0.255022,0.670571,0.000000,0.934689,0.355468,-0.717427,0.247631,-0.651135),fov=69.999336,dt=0.017015},
	{cf=CFrame.new(10.805649,6.756683,-4.355019,-0.723847,-0.238885,0.647286,-0.007160,0.940700,0.339165,-0.689924,0.240868,-0.682633),fov=69.509262,dt=0.023987},
	{cf=CFrame.new(9.646179,6.130585,-3.853909,-0.771814,-0.209413,0.600375,-0.018675,0.951268,0.307799,-0.635574,0.226351,-0.738113),fov=69.038589,dt=0.027726},
	{cf=CFrame.new(8.880737,5.667999,-3.343498,-0.802993,-0.189427,0.565084,-0.025272,0.958115,0.285267,-0.595453,0.214787,-0.774147),fov=68.367699,dt=0.023170},
	{cf=CFrame.new(8.299484,5.048645,-3.037270,-0.834719,-0.168257,0.524342,-0.031091,0.965059,0.260183,-0.549798,0.200877,-0.810784),fov=67.635986,dt=0.020562},
	{cf=CFrame.new(7.385635,4.970215,-2.881237,-0.858321,-0.151836,0.490134,-0.034701,0.970205,0.239787,-0.511939,0.188806,-0.838016),fov=67.050377,dt=0.029207},
	{cf=CFrame.new(6.943146,4.703217,-2.609989,-0.875694,-0.139291,0.462340,-0.036873,0.973984,0.223597,-0.481457,0.178754,-0.858048),fov=66.590332,dt=0.039957},
	{cf=CFrame.new(6.324112,4.241730,-2.318180,-0.907533,-0.115018,0.403925,-0.039478,0.980873,0.190605,-0.418122,0.157034,-0.894715),fov=65.662498,dt=0.018737},
	{cf=CFrame.new(5.666443,3.724121,-2.149059,-0.919466,-0.105363,0.378788,-0.039859,0.983440,0.176798,-0.391144,0.147462,-0.908439),fov=65.276909,dt=0.015845},
	{cf=CFrame.new(5.530762,3.564301,-2.068264,-0.928002,-0.098203,0.359400,-0.039867,0.985273,0.166278,-0.370436,0.139978,-0.918250),fov=64.983810,dt=0.014701},
	{cf=CFrame.new(5.105896,3.561768,-1.629894,-0.935756,-0.091509,0.340569,-0.039658,0.986926,0.156217,-0.350412,0.132675,-0.927151),fov=64.703888,dt=0.018460},
	{cf=CFrame.new(4.555222,3.108673,-1.989975,-0.941057,-0.086785,0.326924,-0.039368,0.988058,0.148968,-0.335948,0.127317,-0.933236),fov=64.502335,dt=0.013580},
	{cf=CFrame.new(4.930969,3.400818,-1.945423,-0.947533,-0.080851,0.309265,-0.038834,0.989434,0.139688,-0.317291,0.120349,-0.940661),fov=64.244370,dt=0.014520},
	{cf=CFrame.new(4.421051,3.034882,-1.703571,-0.953376,-0.075316,0.292237,-0.038156,0.990669,0.130841,-0.299365,0.113590,-0.947353),fov=63.998386,dt=0.019048},
	{cf=CFrame.new(4.121765,2.990692,-1.670300,-0.957362,-0.071412,0.279925,-0.037562,0.991511,0.124482,-0.286438,0.108660,-0.951917),fov=63.821491,dt=0.028190},
	{cf=CFrame.new(3.627823,2.498230,-1.125137,-0.966539,-0.061949,0.248927,-0.035694,0.993441,0.108636,-0.254024,0.096115,-0.962411),fov=63.380192,dt=0.016725},
	{cf=CFrame.new(3.509308,2.424622,-1.545341,-0.970439,-0.057699,0.234347,-0.034652,0.994252,0.101299,-0.238845,0.090184,-0.966861),fov=63.175392,dt=0.015319},
	{cf=CFrame.new(3.206558,2.443329,-1.297798,-0.973956,-0.053734,0.220279,-0.033559,0.994975,0.094331,-0.224241,0.084482,-0.970865),fov=62.980640,dt=0.014045},
	{cf=CFrame.new(3.298508,1.957764,-1.359158,-0.976344,-0.050936,0.210137,-0.032705,0.995464,0.089339,-0.213735,0.080353,-0.973582),fov=62.840942,dt=0.013901},
	{cf=CFrame.new(2.852798,2.302521,-1.362350,-0.979193,-0.047442,0.197307,-0.031537,0.996051,0.082991,-0.200465,0.075041,-0.976823),fov=62.662880,dt=0.016225},
	{cf=CFrame.new(2.929214,2.232513,-1.338131,-0.981162,-0.044976,0.187879,-0.030655,0.996447,0.078448,-0.190739,0.071211,-0.979055),fov=62.535294,dt=0.015837},
	{cf=CFrame.new(2.628998,2.014404,-1.160923,-0.983447,-0.041902,0.176283,-0.029449,0.996921,0.072679,-0.178786,0.066285,-0.981653),fov=62.372818,dt=0.016770},
	{cf=CFrame.new(2.460007,1.914978,-1.119564,-0.985546,-0.039031,0.164854,-0.028254,0.997338,0.067218,-0.167038,0.061589,-0.984025),fov=62.218792,dt=0.016346},
	{cf=CFrame.new(2.509659,1.603577,-0.946186,-0.987373,-0.036366,0.154183,-0.027056,0.997706,0.062059,-0.156086,0.057103,-0.986091),fov=62.072865,dt=0.020540},
	{cf=CFrame.new(2.146286,2.077179,-0.809425,-0.989364,-0.033297,0.141601,-0.025575,0.998103,0.056011,-0.143198,0.051794,-0.988338),fov=61.901363,dt=0.016471},
	{cf=CFrame.new(1.922134,1.238556,-0.875389,-0.990718,-0.031040,0.132341,-0.024403,0.998376,0.051481,-0.133724,0.047773,-0.989867),fov=61.772503,dt=0.016855},
	{cf=CFrame.new(1.759445,1.837616,-1.259830,-0.991977,-0.028932,0.123067,-0.023269,0.998614,0.047206,-0.124263,0.043964,-0.991275),fov=61.650726,dt=0.015400},
	{cf=CFrame.new(1.716522,1.463867,-1.178085,-0.993066,-0.026975,0.114423,-0.022156,0.998822,0.043180,-0.115453,0.040346,-0.992493),fov=61.535736,dt=0.016539},
	{cf=CFrame.new(1.630905,1.531799,-1.023682,-0.993759,-0.025608,0.108573,-0.021337,0.998959,0.040319,-0.109493,0.037751,-0.993271),fov=61.453773,dt=0.019471},
	{cf=CFrame.new(1.632111,1.467590,-1.036884,-0.994841,-0.023470,0.098695,-0.020018,0.999157,0.035827,-0.099452,0.033666,-0.994473),fov=61.324974,dt=0.019122},
	{cf=CFrame.new(1.370804,1.104248,-1.280716,-0.995734,-0.021533,0.089718,-0.018757,0.999322,0.031675,-0.090339,0.029857,-0.995463),fov=61.205471,dt=0.018726},
	{cf=CFrame.new(1.461334,1.492218,-0.904903,-0.996341,-0.020107,0.083072,-0.017786,0.999433,0.028580,-0.083600,0.026998,-0.996134),fov=61.116215,dt=0.019857},
	{cf=CFrame.new(1.111771,1.094635,-1.156990,-0.996995,-0.018471,0.075241,-0.016633,0.999550,0.024984,-0.075668,0.023657,-0.996853),fov=61.012169,dt=0.023001},
	{cf=CFrame.new(0.960892,1.194305,-1.113365,-0.997641,-0.016703,0.066585,-0.015332,0.999661,0.021038,-0.066914,0.019968,-0.997559),fov=60.897697,dt=0.020627},
	{cf=CFrame.new(0.908096,1.114960,-1.303596,-0.998081,-0.015375,0.059989,-0.014317,0.999735,0.018040,-0.060251,0.017146,-0.998036),fov=60.810440,dt=0.017743},
	{cf=CFrame.new(0.953476,1.126007,-1.476845,-0.998379,-0.014402,0.055068,-0.013550,0.999783,0.015818,-0.055283,0.015046,-0.998357),fov=60.745628,dt=0.014101},
	{cf=CFrame.new(0.870682,0.983612,-1.578350,-0.998572,-0.013720,0.051619,-0.013000,0.999814,0.014249,-0.051805,0.013558,-0.998565),fov=60.699814,dt=0.019250},
	{cf=CFrame.new(0.772552,0.907013,-1.162773,-0.998852,-0.012667,0.046195,-0.012133,0.999857,0.011811,-0.046338,0.011237,-0.998863),fov=60.628468,dt=0.015260},
	{cf=CFrame.new(0.781769,0.790039,-1.177685,-0.998996,-0.012082,0.043144,-0.011642,0.999878,0.010449,-0.043265,0.009936,-0.999014),fov=60.588539,dt=0.015010},
	{cf=CFrame.new(0.701675,0.896454,-1.376633,-0.999163,-0.011355,0.039306,-0.011020,0.999901,0.008744,-0.039401,0.008304,-0.999189),fov=60.538471,dt=0.017775},
	{cf=CFrame.new(0.505020,0.934052,-1.508228,-0.999335,-0.010526,0.034922,-0.010296,0.999924,0.006783,-0.034990,0.006419,-0.999367),fov=60.480751,dt=0.019010},
	{cf=CFrame.new(0.751129,0.787933,-1.531658,-0.999449,-0.009921,0.031678,-0.009756,0.999938,0.005341,-0.031729,0.005029,-0.999484),fov=60.438232,dt=0.019572},
	{cf=CFrame.new(0.335007,0.629303,-1.615604,-0.999567,-0.009230,0.027936,-0.009131,0.999952,0.003687,-0.027969,0.003430,-0.999603),fov=60.389366,dt=0.021757},
	{cf=CFrame.new(0.390610,0.766510,-1.412033,-0.999662,-0.008608,0.024531,-0.008557,0.999961,0.002187,-0.024549,0.001977,-0.999697),fov=60.344963,dt=0.016860},
	{cf=CFrame.new(0.523087,0.546387,-1.693623,-0.999724,-0.008156,0.022041,-0.008134,0.999966,0.001091,-0.022049,0.000912,-0.999757),fov=60.312454,dt=0.015522},
	{cf=CFrame.new(0.408768,0.920227,-1.599915,-0.999776,-0.007739,0.019702,-0.007739,0.999970,0.000081,-0.019702,-0.000072,-0.999806),fov=60.282429,dt=0.015103},
	{cf=CFrame.new(0.452408,0.773773,-1.515034,-0.999809,-0.007450,0.018066,-0.007463,0.999972,-0.000623,-0.018061,-0.000758,-0.999837),fov=60.261467,dt=0.021117},
	{cf=CFrame.new(0.244370,0.378296,-1.370453,-0.999854,-0.007008,0.015552,-0.007036,0.999974,-0.001703,-0.015540,-0.001812,-0.999878),fov=60.229305,dt=0.017115},
	{cf=CFrame.new(0.169922,0.777832,-1.595249,-0.999883,-0.006689,0.013790,-0.006724,0.999974,-0.002485,-0.013773,-0.002577,-0.999902),fov=60.205921,dt=0.015717},
	{cf=CFrame.new(0.269287,0.622650,-1.761932,-0.999906,-0.006398,0.012106,-0.006438,0.999974,-0.003201,-0.012085,-0.003278,-0.999922),fov=60.184494,dt=0.016973},
	{cf=CFrame.new(0.475098,0.532074,-2.160831,-0.999926,-0.006133,0.010559,-0.006174,0.999974,-0.003855,-0.010536,-0.003920,-0.999937),fov=60.164890,dt=0.017965},
	{cf=CFrame.new(0.375275,0.526001,-1.582535,-0.999941,-0.005891,0.009145,-0.005932,0.999973,-0.004451,-0.009119,-0.004505,-0.999948),fov=60.146976,dt=0.018610},
	{cf=CFrame.new(-0.106766,0.753326,-2.243111,-0.999956,-0.005620,0.007555,-0.005659,0.999971,-0.005120,-0.007526,-0.005162,-0.999958),fov=60.126823,dt=0.014501},
	{cf=CFrame.new(0.317566,0.487457,-1.708210,-0.999965,-0.005426,0.006418,-0.005462,0.999969,-0.005599,-0.006387,-0.005634,-0.999964),fov=60.112343,dt=0.014751},
	{cf=CFrame.new(0.289703,0.683105,-2.143669,-0.999971,-0.005293,0.005599,-0.005326,0.999968,-0.005928,-0.005567,-0.005958,-0.999967),fov=60.102379,dt=0.016380},
	{cf=CFrame.new(0.140869,0.603302,-2.100368,-0.999976,-0.005131,0.004623,-0.005160,0.999967,-0.006329,-0.004591,-0.006352,-0.999969),fov=60.090206,dt=0.016749},
	{cf=CFrame.new(0.075562,0.413727,-1.866135,-0.999980,-0.004984,0.003766,-0.005010,0.999965,-0.006690,-0.003732,-0.006708,-0.999971),fov=60.079216,dt=0.017468},
	{cf=CFrame.new(0.100784,0.945557,-2.056602,-0.999984,-0.004854,0.002937,-0.004875,0.999964,-0.007013,-0.002903,-0.007027,-0.999972),fov=60.069328,dt=0.016895},
	{cf=CFrame.new(0.196533,0.182434,-1.919624,-0.999987,-0.004736,0.002214,-0.004752,0.999962,-0.007302,-0.002179,-0.007312,-0.999971),fov=60.060455,dt=0.016276},
	{cf=CFrame.new(0.358246,0.692352,-1.945854,-0.999988,-0.004631,0.001563,-0.004642,0.999961,-0.007560,-0.001528,-0.007567,-0.999970),fov=60.052513,dt=0.019649},
	{cf=CFrame.new(0.226486,0.688385,-2.036724,-0.999989,-0.004537,0.000976,-0.004545,0.999959,-0.007789,-0.000940,-0.007793,-0.999969),fov=60.045425,dt=0.018936},
	{cf=CFrame.new(-0.028259,0.671936,-2.401546,-0.999990,-0.004416,0.000197,-0.004417,0.999958,-0.008083,-0.000162,-0.008083,-0.999968),fov=60.036255,dt=0.065046},
	{cf=CFrame.new(0.382172,0.459503,-2.115822,-0.999991,-0.004347,-0.000271,-0.004344,0.999957,-0.008249,0.000306,-0.008248,-0.999966),fov=60.031010,dt=0.025642},
	{cf=CFrame.new(0.098419,0.192871,-2.771324,-0.999990,-0.004146,-0.001663,-0.004131,0.999953,-0.008723,0.001699,-0.008716,-0.999961),fov=60.015720,dt=0.017563},
	{cf=CFrame.new(0.016708,0.655762,-2.729820,-0.999990,-0.004102,-0.001979,-0.004085,0.999953,-0.008820,0.002015,-0.008812,-0.999959),fov=60.012455,dt=0.014477},
	{cf=CFrame.new(0.178925,0.491608,-2.738422,-0.999990,-0.004074,-0.002208,-0.004055,0.999952,-0.008884,0.002244,-0.008875,-0.999959),fov=60.010262,dt=0.013804},
	{cf=CFrame.new(-0.046890,0.532379,-2.464508,-0.999989,-0.004056,-0.002353,-0.004035,0.999952,-0.008924,0.002389,-0.008915,-0.999957),fov=60.008823,dt=0.012873},
	{cf=CFrame.new(0.122330,0.613098,-2.762417,-0.999989,-0.004034,-0.002538,-0.004011,0.999952,-0.008970,0.002574,-0.008960,-0.999957),fov=60.007164,dt=0.015321},
	{cf=CFrame.new(0.261108,0.448395,-2.664932,-0.999988,-0.004020,-0.002669,-0.003996,0.999952,-0.008999,0.002705,-0.008988,-0.999956),fov=60.006096,dt=0.013971},
	{cf=CFrame.new(-0.072342,0.730774,-3.021584,-0.999988,-0.004007,-0.002769,-0.003982,0.999951,-0.009023,0.002805,-0.009012,-0.999956),fov=60.005154,dt=0.016491},
	{cf=CFrame.new(0.116898,0.549438,-2.936024,-0.999988,-0.003993,-0.002927,-0.003966,0.999951,-0.009049,0.002963,-0.009037,-0.999955),fov=60.004082,dt=0.015806},
	{cf=CFrame.new(0.260681,0.696503,-2.700573,-0.999987,-0.003983,-0.003032,-0.003955,0.999951,-0.009068,0.003068,-0.009056,-0.999954),fov=60.003193,dt=0.016401},
	{cf=CFrame.new(0.078598,0.226471,-2.966133,-0.999987,-0.003973,-0.003160,-0.003944,0.999951,-0.009082,0.003196,-0.009069,-0.999954),fov=60.002472,dt=0.017627},
	{cf=CFrame.new(0.008667,0.666687,-2.924366,-0.999987,-0.003964,-0.003260,-0.003934,0.999951,-0.009092,0.003296,-0.009079,-0.999953),fov=60.001884,dt=0.016209},
	{cf=CFrame.new(0.087952,0.675385,-3.139618,-0.999987,-0.003959,-0.003349,-0.003928,0.999951,-0.009097,0.003385,-0.009084,-0.999953),fov=60.001411,dt=0.015800},
	{cf=CFrame.new(0.112427,0.235901,-2.919014,-0.999986,-0.003954,-0.003446,-0.003922,0.999951,-0.009100,0.003482,-0.009086,-0.999953),fov=60.001041,dt=0.017322},
	{cf=CFrame.new(0.110062,0.642273,-3.104145,-0.999986,-0.003950,-0.003504,-0.003918,0.999951,-0.009099,0.003540,-0.009085,-0.999953),fov=60.000755,dt=0.016844},
	{cf=CFrame.new(0.109344,0.691071,-3.230446,-0.999986,-0.003947,-0.003589,-0.003914,0.999951,-0.009097,0.003624,-0.009083,-0.999952),fov=60.000538,dt=0.016375},
	{cf=CFrame.new(0.236496,0.381775,-3.177521,-0.999986,-0.003945,-0.003668,-0.003912,0.999951,-0.009092,0.003704,-0.009077,-0.999952),fov=60.000366,dt=0.016755},
	{cf=CFrame.new(0.075394,0.545471,-3.285725,-0.999986,-0.003943,-0.003743,-0.003909,0.999951,-0.009086,0.003779,-0.009071,-0.999952),fov=60.000248,dt=0.016365},
	{cf=CFrame.new(0.181900,0.697205,-3.477482,-0.999985,-0.003942,-0.003798,-0.003907,0.999951,-0.009079,0.003834,-0.009064,-0.999952),fov=60.000160,dt=0.016976},
	{cf=CFrame.new(-0.095261,0.401672,-3.283562,-0.999985,-0.003941,-0.003851,-0.003906,0.999951,-0.009071,0.003886,-0.009055,-0.999952),fov=60.000099,dt=0.020733},
	{cf=CFrame.new(0.132858,0.544006,-3.455696,-0.999984,-0.003940,-0.003948,-0.003905,0.999951,-0.009059,0.003984,-0.009044,-0.999951),fov=60.000057,dt=0.019997},
	{cf=CFrame.new(0.154099,0.421875,-3.325306,-0.999984,-0.003940,-0.004020,-0.003903,0.999951,-0.009048,0.004055,-0.009032,-0.999951),fov=60.000023,dt=0.021982},
	{cf=CFrame.new(-0.028763,0.537994,-3.654152,-0.999984,-0.003940,-0.004088,-0.003903,0.999952,-0.009035,0.004124,-0.009019,-0.999951),fov=60.000008,dt=0.020018},
	{cf=CFrame.new(0.204849,0.617401,-3.816742,-0.999983,-0.003939,-0.004163,-0.003901,0.999952,-0.009023,0.004198,-0.009006,-0.999951),fov=60.000000,dt=0.018713},
	{cf=CFrame.new(0.129745,0.452911,-3.789780,-0.999984,-0.003762,-0.004211,-0.003725,0.999955,-0.008713,0.004244,-0.008697,-0.999953),fov=60.000000,dt=0.019513},
	{cf=CFrame.new(0.110382,0.702057,-3.821754,-0.999987,-0.003055,-0.004173,-0.003024,0.999967,-0.007520,0.004196,-0.007507,-0.999963),fov=60.000000,dt=0.020087},
	{cf=CFrame.new(0.115768,0.311615,-4.119167,-0.999989,-0.002173,-0.004130,-0.002148,0.999979,-0.006029,0.004143,-0.006020,-0.999973),fov=60.000000,dt=0.024427},
	{cf=CFrame.new(0.181580,0.302185,-4.099388,-0.999991,-0.001109,-0.004065,-0.001092,0.999990,-0.004255,0.004070,-0.004250,-0.999983),fov=60.000000,dt=0.021913},
	{cf=CFrame.new(-0.120987,0.173920,-4.352459,-0.999960,0.002877,-0.008514,0.003002,0.999887,-0.014723,0.008471,-0.014748,-0.999855),fov=60.000000,dt=0.024677},
	{cf=CFrame.new(0.214050,-0.086273,-4.666691,-0.999870,0.007797,-0.014152,0.008188,0.999580,-0.027785,0.013929,-0.027897,-0.999514),fov=60.000000,dt=0.050564},
	{cf=CFrame.new(0.124084,-0.044647,-4.8
