-- Uh Oh
local Players = game:GetService('Players')
local RunService = game:GetService('RunService')

local player = Players.LocalPlayer
local camera = workspace.CurrentCamera

local root = player.Character:WaitForChild('HumanoidRootPart')

camera.CameraType = Enum.CameraType.Scriptable

local frames = {
	{cf=CFrame.new(-2.848846,3.053925,3.985100,0.488870,-0.002457,-0.872353,0.083504,0.995536,0.043991,0.868351,-0.094351,0.486892),fov=55.160892,dt=0.074597},
	{cf=CFrame.new(-5.405708,1.467194,1.133896,0.524865,-0.190823,-0.829520,0.235118,0.969133,-0.074173,0.818068,-0.156104,0.553530),fov=48.202370,dt=0.029004},
	{cf=CFrame.new(-5.800056,1.108917,-0.431488,0.481462,-0.148358,-0.863820,0.170764,0.982561,-0.073574,0.859671,-0.112086,0.498400),fov=45.898663,dt=0.017016},
	{cf=CFrame.new(-5.885544,1.068176,-0.792862,0.480572,-0.079910,-0.873307,0.073134,0.996023,-0.050893,0.873900,-0.039410,0.484505),fov=45.291023,dt=0.021923},
	{cf=CFrame.new(-5.937683,1.034241,-0.971169,0.476610,-0.053232,-0.877502,0.037037,0.998495,-0.040455,0.878334,-0.013219,0.477864),fov=45.019291,dt=0.015062},
	{cf=CFrame.new(-6.003059,0.972900,-1.128479,0.470687,-0.047611,-0.881015,0.031727,0.998811,-0.037027,0.881730,-0.010524,0.471638),fov=44.827297,dt=0.016937},
	{cf=CFrame.new(-6.050529,0.931000,-1.241196,0.466982,-0.041255,-0.883304,0.026943,0.999111,-0.032420,0.883856,-0.008660,0.467678),fov=44.696064,dt=0.016922},
	{cf=CFrame.new(-6.084709,0.903473,-1.320824,0.464915,-0.034364,-0.884688,0.022556,0.999382,-0.026965,0.885068,-0.007418,0.465403),fov=44.609852,dt=0.012188},
	{cf=CFrame.new(-6.103905,0.889771,-1.364510,0.464153,-0.028942,-0.885282,0.019457,0.999558,-0.022476,0.885541,-0.006793,0.464511),fov=44.566982,dt=0.012947},
	{cf=CFrame.new(-6.119034,0.880463,-1.398071,0.463882,-0.023363,-0.885589,0.016480,0.999707,-0.017742,0.885744,-0.006364,0.464131),fov=44.537861,dt=0.011787},
	{cf=CFrame.new(-6.128601,0.860352,-1.420044,0.462586,-0.015810,-0.886433,0.007338,0.999875,-0.014004,0.886544,-0.000026,0.462644),fov=44.518867,dt=0.016539},
	{cf=CFrame.new(-6.138145,0.836945,-1.441338,0.461126,-0.005634,-0.887317,-0.004756,0.999950,-0.008821,0.887322,0.008288,0.461076),fov=44.504379,dt=0.016608},
	{cf=CFrame.new(-6.146973,0.811035,-1.460289,0.459470,0.007175,-0.888164,-0.019769,0.999802,-0.002150,0.887973,0.018546,0.459521),fov=44.496639,dt=0.017053},
	{cf=CFrame.new(-6.151413,0.796448,-1.469498,0.458471,0.014879,-0.888585,-0.028740,0.999585,0.001909,0.888244,0.024663,0.458708),fov=44.494907,dt=0.017796},
	{cf=CFrame.new(-6.158203,0.772736,-1.483368,0.456691,0.027718,-0.889194,-0.043656,0.999009,0.008720,0.888554,0.034836,0.457448),fov=44.494045,dt=0.015923},
	{cf=CFrame.new(-6.159706,0.747375,-1.485168,0.449850,0.028280,-0.892656,-0.041143,0.999094,0.010919,0.892156,0.031815,0.450606),fov=44.493973,dt=0.016730},
	{cf=CFrame.new(-6.162155,0.705200,-1.488106,0.438394,0.029268,-0.898306,-0.036924,0.999212,0.014536,0.898024,0.026796,0.439130),fov=44.062504,dt=0.016966},
	{cf=CFrame.new(-6.164116,0.671448,-1.490440,0.429177,0.030103,-0.902718,-0.033523,0.999287,0.017385,0.902598,0.022800,0.429880),fov=43.400665,dt=0.015536},
	{cf=CFrame.new(-6.165588,0.646118,-1.492203,0.422234,0.030754,-0.905965,-0.030957,0.999331,0.019496,0.905958,0.019814,0.422904),fov=43.400665,dt=0.016994},
	{cf=CFrame.new(-6.168045,0.603943,-1.495125,0.410607,0.031890,-0.911255,-0.026654,0.999381,0.022964,0.911423,0.014859,0.411202),fov=41.095379,dt=0.022522},
	{cf=CFrame.new(-6.169685,0.558014,-1.495987,0.396917,0.030827,-0.917337,-0.018494,0.999502,0.025586,0.917668,0.006810,0.397289),fov=39.283241,dt=0.014452},
	{cf=CFrame.new(-6.168716,0.521454,-1.491562,0.383763,0.024911,-0.923096,-0.004445,0.999674,0.025130,0.923421,-0.005540,0.383748),fov=36.903374,dt=0.013419},
	{cf=CFrame.new(-7.201797,-0.721954,-1.930832,0.201100,-0.101162,-0.974333,0.024166,0.994863,-0.098305,0.979272,-0.003777,0.202512),fov=33.848011,dt=0.016502},
	{cf=CFrame.new(-7.976608,-1.654510,-2.260292,0.055343,-0.190465,-0.980133,0.029145,0.981527,-0.189090,0.998042,-0.018101,0.059872),fov=33.848011,dt=0.015977},
	{cf=CFrame.new(-8.250191,-1.903107,-2.433846,0.064859,-0.205791,-0.976444,-0.087138,0.973599,-0.210979,0.994083,0.098769,0.045214),fov=30.000000,dt=0.021911},
	{cf=CFrame.new(-8.244766,-1.830017,-2.388779,0.080828,-0.201620,-0.976123,-0.059497,0.976605,-0.206647,0.994951,0.074779,0.066941),fov=40.000000,dt=0.014949},
	{cf=CFrame.new(-8.234238,-1.777649,-2.322472,0.077140,-0.203222,-0.976089,0.006950,0.979092,-0.203298,0.996996,0.008898,0.076940),fov=50.000000,dt=0.016141},
	{cf=CFrame.new(-8.243225,-1.747650,-2.352615,0.082704,-0.200997,-0.976094,-0.019403,0.978939,-0.203227,0.996385,0.035747,0.077062),fov=60.000000,dt=0.017048},
	{cf=CFrame.new(-8.252213,-1.717682,-2.382759,0.088017,-0.198649,-0.976110,-0.045782,0.978071,-0.203177,0.995066,0.062572,0.076992),fov=60.000000,dt=0.014428},
	{cf=CFrame.new(-8.240334,-1.761749,-2.346146,0.081106,-0.201614,-0.976101,-0.010131,0.979110,-0.203077,0.996654,0.026359,0.077369),fov=60.000000,dt=0.016563},
	{cf=CFrame.new(-8.228447,-1.805817,-2.309532,0.073745,-0.204359,-0.976114,0.025466,0.978846,-0.203007,0.996952,-0.009887,0.077389),fov=60.000000,dt=0.017031},
	{cf=CFrame.new(-8.216560,-1.849884,-2.272919,0.065943,-0.206863,-0.976145,0.060958,0.977282,-0.202986,0.995960,-0.046119,0.077055),fov=60.000000,dt=0.018682},
	{cf=CFrame.new(-8.221130,-1.836609,-2.291695,0.071471,-0.204944,-0.976161,0.035918,0.978558,-0.202817,0.996796,-0.020567,0.077299),fov=60.000000,dt=0.020623},
	{cf=CFrame.new(-8.226845,-1.820038,-2.315155,0.078066,-0.202372,-0.976192,0.004535,0.979242,-0.202642,0.996938,0.011393,0.077363),fov=60.000000,dt=0.021003},
	{cf=CFrame.new(-8.230278,-1.810089,-2.329231,0.081853,-0.200744,-0.976218,-0.014327,0.979167,-0.202551,0.996541,0.030565,0.077272),fov=60.000000,dt=0.034023},
	{cf=CFrame.new(-8.248833,-1.710632,-2.294075,0.062237,-0.207595,-0.976233,0.081102,0.975946,-0.202364,0.994761,-0.066580,0.077576),fov=60.000000,dt=0.016535},
	{cf=CFrame.new(-8.253891,-1.687317,-2.294014,0.060410,-0.208060,-0.976249,0.089125,0.975253,-0.202333,0.994187,-0.074785,0.077458),fov=60.000000,dt=0.017119},
	{cf=CFrame.new(-8.256592,-1.680420,-2.307968,0.065226,-0.206601,-0.976249,0.067194,0.977021,-0.202275,0.995605,-0.052404,0.077609),fov=60.000000,dt=0.013860},
	{cf=CFrame.new(-8.259293,-1.673523,-2.321922,0.069876,-0.205045,-0.976255,0.045202,0.978293,-0.202238,0.996531,-0.029997,0.077627),fov=60.000000,dt=0.016841},
	{cf=CFrame.new(-8.261993,-1.666626,-2.335876,0.074356,-0.203399,-0.976268,0.023160,0.979067,-0.202218,0.996963,-0.007574,0.077510),fov=60.000000,dt=0.013172},
	{cf=CFrame.new(-8.261391,-1.670837,-2.337540,0.074080,-0.203468,-0.976275,0.025412,0.979032,-0.202115,0.996928,-0.009837,0.077697),fov=60.000000,dt=0.017634},
	{cf=CFrame.new(-8.253563,-1.701447,-2.316292,0.063665,-0.206871,-0.976294,0.078413,0.976292,-0.201757,0.994886,-0.063709,0.078377),fov=60.000000,dt=0.013053},
	{cf=CFrame.new(-8.247696,-1.724396,-2.300362,0.055235,-0.209077,-0.976338,0.117925,0.972353,-0.201552,0.991485,-0.104002,0.078364),fov=60.000000,dt=0.014830},
	{cf=CFrame.new(-8.239876,-1.755005,-2.279121,0.043197,-0.211499,-0.976423,0.170160,0.964613,-0.201413,0.984469,-0.157448,0.077657),fov=60.000000,dt=0.015750},
	{cf=CFrame.new(-8.241066,-1.753784,-2.287888,0.050456,-0.209942,-0.976411,0.138915,0.969628,-0.201305,0.989018,-0.125481,0.078087),fov=60.000000,dt=0.016532},
	{cf=CFrame.new(-8.241959,-1.752838,-2.294464,0.055683,-0.208629,-0.976408,0.115345,0.972722,-0.201264,0.991763,-0.101417,0.078229),fov=60.000000,dt=0.016411},
	{cf=CFrame.new(-8.243156,-1.751617,-2.303238,0.062360,-0.206699,-0.976415,0.083766,0.975952,-0.201251,0.994532,-0.069240,0.078175),fov=60.000000,dt=0.016211},
	{cf=CFrame.new(-8.244339,-1.750397,-2.312012,0.068695,-0.204576,-0.976437,0.052045,0.978152,-0.201274,0.996279,-0.036992,0.077841),fov=60.000000,dt=0.017535},
	{cf=CFrame.new(-8.245117,-1.743958,-2.301712,0.067181,-0.205048,-0.976443,0.058969,0.977760,-0.201267,0.995997,-0.044058,0.077778),fov=60.000000,dt=0.016954},
	{cf=CFrame.new(-8.245476,-1.739380,-2.292343,0.064849,-0.205793,-0.976444,0.070107,0.977026,-0.201260,0.995429,-0.055404,0.077787),fov=60.000000,dt=0.015789},
	{cf=CFrame.new(-8.245956,-1.733246,-2.279846,0.061674,-0.206749,-0.976448,0.084933,0.975849,-0.201258,0.994476,-0.070520,0.077744),fov=60.000000,dt=0.016834},
	{cf=CFrame.new(-8.250717,-1.716400,-2.292114,0.067061,-0.205087,-0.976444,0.060435,0.977685,-0.201197,0.995917,-0.045519,0.077959),fov=60.000000,dt=0.016641},
	{cf=CFrame.new(-8.255356,-1.701111,-2.307510,0.072978,-0.203034,-0.976448,0.032140,0.979029,-0.201169,0.996815,-0.016702,0.077973),fov=60.000000,dt=0.016244},
	{cf=CFrame.new(-8.258842,-1.689606,-2.319054,0.077232,-0.201398,-0.976460,0.010870,0.979497,-0.201164,0.996954,0.004922,0.077837),fov=60.000000,dt=0.017799},
	{cf=CFrame.new(-8.260109,-1.683350,-2.315437,0.076515,-0.201652,-0.976464,0.014230,0.979456,-0.201155,0.996967,0.001497,0.077812),fov=60.000000,dt=0.015936},
	{cf=CFrame.new(-8.260193,-1.681519,-2.309845,0.074915,-0.202252,-0.976464,0.022067,0.979312,-0.201149,0.996946,-0.006479,0.077828),fov=60.000000,dt=0.016887},
	{cf=CFrame.new(-8.260330,-1.678436,-2.300522,0.072201,-0.203228,-0.976466,0.035119,0.978932,-0.201144,0.996771,-0.019770,0.077817),fov=60.000000,dt=0.016197},
	{cf=CFrame.new(-8.260406,-1.676605,-2.294930,0.070544,-0.203797,-0.976468,0.042943,0.978620,-0.201144,0.996584,-0.027743,0.077787),fov=60.000000,dt=0.017143},
	{cf=CFrame.new(-8.263039,-1.668549,-2.305122,0.073153,-0.202884,-0.976466,0.030994,0.979079,-0.201105,0.996839,-0.015553,0.077911),fov=60.000000,dt=0.016879},
	{cf=CFrame.new(-8.266518,-1.658569,-2.321198,0.077259,-0.201352,-0.976467,0.011558,0.979510,-0.201065,0.996944,0.004248,0.078003),fov=60.000000,dt=0.016102},
	{cf=CFrame.new(-8.269989,-1.648621,-2.337273,0.081231,-0.199751,-0.976474,-0.007905,0.979551,-0.201039,0.996664,0.024049,0.077991),fov=60.000000,dt=0.016292},
	{cf=CFrame.new(-8.273460,-1.638672,-2.353348,0.085067,-0.198085,-0.976486,-0.027384,0.979204,-0.201021,0.995999,0.043841,0.077874),fov=60.000000,dt=0.016629},
	{cf=CFrame.new(-8.277016,-1.625275,-2.360420,0.084866,-0.198139,-0.976493,-0.026448,0.979235,-0.200994,0.996041,0.042883,0.077863),fov=60.000000,dt=0.016868},
	{cf=CFrame.new(-8.280602,-1.610687,-2.364494,0.083329,-0.198771,-0.976497,-0.018704,0.979420,-0.200962,0.996346,0.035010,0.077896),fov=60.000000,dt=0.017506},
	{cf=CFrame.new(-8.285080,-1.592468,-2.369583,0.081377,-0.199547,-0.976503,-0.009028,0.979565,-0.200925,0.996642,0.025166,0.077913),fov=60.000000,dt=0.016186},
	{cf=CFrame.new(-8.287766,-1.581543,-2.372635,0.080190,-0.200005,-0.976508,-0.003224,0.979605,-0.200904,0.996774,0.019259,0.077910),fov=60.000000,dt=0.016718},
	{cf=CFrame.new(-8.292244,-1.563324,-2.377724,0.078186,-0.200754,-0.976516,0.006446,0.979596,-0.200871,0.996918,0.009411,0.077885),fov=60.000000,dt=0.016613},
	{cf=CFrame.new(-8.293961,-1.559357,-2.385826,0.089421,-0.196081,-0.976502,-0.046883,0.978514,-0.200778,0.994890,0.063736,0.078307),fov=60.000000,dt=0.016565},
	{cf=CFrame.new(-8.295250,-1.556366,-2.391914,0.097165,-0.192256,-0.976523,-0.086902,0.975779,-0.200757,0.991467,0.104368,0.078104),fov=60.000000,dt=0.016497},
	{cf=CFrame.new(-5.805267,-1.575531,1.175385,0.754281,-0.173326,-0.633260,0.135676,0.984854,-0.107954,0.642380,-0.004491,0.766373),fov=60.000000,dt=0.017793},
	{cf=CFrame.new(-4.960480,-1.547028,2.455475,0.890691,-0.177648,-0.418462,0.179001,0.983176,-0.036383,0.417885,-0.042499,0.907505),fov=30.000000,dt=0.015158},
	{cf=CFrame.new(-4.945869,-1.511841,2.545738,0.894778,-0.161679,-0.416210,0.162539,0.986129,-0.033636,0.415875,-0.037554,0.908646),fov=32.087460,dt=0.016504},
	{cf=CFrame.new(-4.934914,-1.485413,2.613441,0.897658,-0.149660,-0.414502,0.150154,0.988157,-0.031605,0.414323,-0.033869,0.909499),fov=34.099022,dt=0.017096},
	{cf=CFrame.new(-4.920311,-1.450195,2.703697,0.901249,-0.133582,-0.412197,0.133593,0.990614,-0.028935,0.412194,-0.028989,0.910635),fov=36.036091,dt=0.016926},
	{cf=CFrame.new(-4.905701,-1.415009,2.793961,0.904554,-0.117447,-0.409864,0.116982,0.992786,-0.026310,0.409997,-0.024148,0.911767),fov=37.900070,dt=0.016146},
	{cf=CFrame.new(-4.891098,-1.379791,2.884232,0.907572,-0.101261,-0.407502,0.100325,0.994672,-0.023729,0.407734,-0.019347,0.912896),fov=39.692368,dt=0.017134},
	{cf=CFrame.new(-4.876488,-1.344574,2.974487,0.910304,-0.085029,-0.405114,0.083628,0.996272,-0.021193,0.405405,-0.014586,0.914021),fov=41.414391,dt=0.015976},
	{cf=CFrame.new(-4.855080,-1.313293,3.036377,0.911637,-0.072323,-0.404582,0.069985,0.997336,-0.020588,0.404993,-0.009545,0.914270),fov=43.067539,dt=0.018196},
	{cf=CFrame.new(-4.825470,-1.275848,3.101913,0.912609,-0.057907,-0.404711,0.054199,0.998317,-0.020625,0.405224,-0.003112,0.914212),fov=44.653225,dt=0.015337},
	{cf=CFrame.new(-4.807709,-1.253387,3.141228,0.913079,-0.049251,-0.404796,0.044721,0.998786,-0.020646,0.405322,0.000749,0.914174),fov=46.172844,dt=0.017448},
	{cf=CFrame.new(-4.778099,-1.215912,3.206764,0.913675,-0.034817,-0.404952,0.028916,0.999368,-0.020681,0.405416,0.007186,0.914104),fov=47.627811,dt=0.018097},
	{cf=CFrame.new(-4.754417,-1.185944,3.259186,0.913982,-0.023263,-0.405088,0.016266,0.999653,-0.020708,0.405429,0.012337,0.914043),fov=49.019531,dt=0.017283},
	{cf=CFrame.new(-4.730736,-1.156006,3.311607,0.914137,-0.011708,-0.405235,0.003614,0.999779,-0.020733,0.405388,0.017488,0.913977),fov=50.349407,dt=0.017230},
	{cf=CFrame.new(-4.697975,-1.131287,3.326195,0.912955,-0.004952,-0.408031,-0.004933,0.999719,-0.023172,0.408031,0.023168,0.912674),fov=51.618847,dt=0.031063},
	{cf=CFrame.new(-4.632454,-1.081848,3.355377,0.910385,0.008501,-0.413675,-0.022041,0.999366,-0.027969,0.413175,0.034580,0.909995),fov=53.982025,dt=0.018138},
	{cf=CFrame.new(-4.599693,-1.057159,3.369965,0.908998,0.015198,-0.416523,-0.030600,0.999072,-0.030326,0.415675,0.040312,0.908619),fov=55.078579,dt=0.015090},
	{cf=CFrame.new(-4.566925,-1.032440,3.384560,0.907543,0.021874,-0.419388,-0.039162,0.998699,-0.032656,0.418128,0.046061,0.907220),fov=56.120319,dt=0.016487},
	{cf=CFrame.new(-4.539818,-1.011749,3.392975,0.905747,0.026333,-0.423000,-0.045886,0.998294,-0.036107,0.421327,0.052114,0.905410),fov=57.108646,dt=0.024196},
	{cf=CFrame.new(-4.512711,-0.991058,3.401398,0.903906,0.030764,-0.426624,-0.052619,0.997832,-0.039530,0.424483,0.058180,0.903565),fov=58.044975,dt=0.036696},
	{cf=CFrame.new(-4.444931,-0.939301,3.422440,0.899106,0.041725,-0.435738,-0.069485,0.996429,-0.047961,0.432181,0.073399,0.898795),fov=60.555973,dt=0.022227},
	{cf=CFrame.new(-4.411041,-0.913422,3.432968,0.896602,0.047141,-0.440322,-0.077936,0.995596,-0.052107,0.435926,0.081036,0.896327),fov=61.298328,dt=0.019775},
	{cf=CFrame.new(-4.382805,-0.891571,3.437317,0.893798,0.050299,-0.445640,-0.084583,0.994764,-0.057366,0.440421,0.088968,0.893372),fov=61.995716,dt=0.018465},
	{cf=CFrame.new(-4.355980,-0.870728,3.440132,0.890886,0.052853,-0.451142,-0.090801,0.993882,-0.062872,0.445059,0.096976,0.890235),fov=63.261166,dt=0.019505},
	{cf=CFrame.new(-4.334518,-0.854065,3.442383,0.888521,0.054858,-0.455545,-0.095793,0.993127,-0.067244,0.448726,0.103386,0.887669),fov=63.832043,dt=0.018881},
	{cf=CFrame.new(-4.307693,-0.833191,3.445190,0.885520,0.057319,-0.461051,-0.102055,0.992121,-0.072669,0.453253,0.111402,0.884393),fov=64.363579,dt=0.017279},
	{cf=CFrame.new(-4.286232,-0.816528,3.447449,0.883086,0.059250,-0.465456,-0.107081,0.991266,-0.076976,0.456830,0.117818,0.881717),fov=64.857155,dt=0.018779},
	{cf=CFrame.new(-4.271240,-0.803833,3.445992,0.881463,0.061226,-0.468267,-0.111032,0.990633,-0.079481,0.459015,0.122052,0.880005),fov=65.314186,dt=0.031025},
	{cf=CFrame.new(-4.232903,-0.764740,3.422768,0.877837,0.070393,-0.473759,-0.123923,0.988840,-0.082694,0.462651,0.131301,0.876763),fov=66.124252,dt=0.017926},
	{cf=CFrame.new(-4.215858,-0.747375,3.412445,0.876176,0.074444,-0.476208,-0.129650,0.987987,-0.084094,0.464227,0.135422,0.875302),fov=66.480087,dt=0.015969},
	{cf=CFrame.new(-4.198814,-0.730011,3.402130,0.874485,0.078480,-0.478661,-0.135374,0.987100,-0.085478,0.465778,0.139548,0.873829),fov=66.805000,dt=0.016250},
	{cf=CFrame.new(-4.181778,-0.712616,3.391808,0.872764,0.082501,-0.481120,-0.141096,0.986179,-0.086845,0.467306,0.143679,0.872343),fov=67.100395,dt=0.013418},
	{cf=CFrame.new(-4.170097,-0.699432,3.380920,0.871674,0.086068,-0.482470,-0.145550,0.985504,-0.087160,0.467975,0.146199,0.871565),fov=67.367683,dt=0.012768},
	{cf=CFrame.new(-4.160637,-0.685852,3.363747,0.871001,0.090750,-0.482826,-0.150329,0.984882,-0.086074,0.467716,0.147553,0.871476),fov=67.608261,dt=0.012545},
	{cf=CFrame.new(-4.151169,-0.672302,3.346581,0.870305,0.095430,-0.483180,-0.155105,0.984236,-0.084986,0.467452,0.148907,0.871387),fov=67.608261,dt=0.017908},
	{cf=CFrame.new(-4.135391,-0.649719,3.317963,0.869092,0.103221,-0.483760,-0.163057,0.983105,-0.083170,0.467002,0.151163,0.871240),fov=68.014931,dt=0.016130},
	{cf=CFrame.new(-4.125923,-0.636169,3.300797,0.868333,0.107891,-0.484104,-0.167823,0.982394,-0.082078,0.466726,0.152515,0.871152),fov=68.014931,dt=0.016582},
	{cf=CFrame.new(-4.113304,-0.618103,3.277908,0.867284,0.114112,-0.484558,-0.174171,0.981410,-0.080620,0.466350,0.154317,0.871036),fov=68.183830,dt=0.016711},
	{cf=CFrame.new(-4.100685,-0.600037,3.255013,0.866194,0.120326,-0.485005,-0.180512,0.980382,-0.079160,0.465965,0.156117,0.870921),fov=68.331650,dt=0.017315},
	{cf=CFrame.new(-4.084908,-0.577454,3.226395,0.864772,0.128084,-0.485556,-0.188428,0.979038,-0.077331,0.465473,0.158366,0.870779),fov=68.569664,dt=0.016580},
	{cf=CFrame.new(-4.076721,-0.566864,3.206375,0.864420,0.132714,-0.484938,-0.192898,0.978261,-0.076126,0.464293,0.159348,0.871229),fov=68.569664,dt=0.016816},
	{cf=CFrame.new(-4.063080,-0.549255,3.172997,0.863784,0.140425,-0.483899,-0.200343,0.976918,-0.074125,0.462320,0.160974,0.871979),fov=68.740196,dt=0.016200},
	{cf=CFrame.new(-4.054893,-0.538666,3.152962,0.863372,0.145049,-0.483270,-0.204807,0.976082,-0.072930,0.461132,0.161942,0.872428),fov=68.740196,dt=0.016358},
	{cf=CFrame.new(-4.041252,-0.521027,3.119583,0.862635,0.152749,-0.482212,-0.212240,0.974639,-0.070945,0.459146,0.163544,0.873177),fov=68.854507,dt=0.016744},
	{cf=CFrame.new(-4.033058,-0.510468,3.099548,0.862162,0.157365,-0.481573,-0.216696,0.973744,-0.069759,0.457951,0.164498,0.873625),fov=68.854507,dt=0.016691},
	{cf=CFrame.new(-4.022148,-0.496368,3.072853,0.861497,0.163514,-0.480713,-0.222632,0.972515,-0.068183,0.456352,0.165762,0.874223),fov=68.894096,dt=0.016457},
	{cf=CFrame.new(-4.011909,-0.486664,3.031853,0.862014,0.171146,-0.477118,-0.229333,0.971108,-0.065995,0.452038,0.166308,0.876358),fov=68.945168,dt=0.017154},
	{cf=CFrame.new(-4.004410,-0.480499,2.997520,0.862655,0.177237,-0.473723,-0.234554,0.969980,-0.064221,0.448119,0.166514,0.878329),fov=68.959457,dt=0.016943},
	{cf=CFrame.new(-3.996902,-0.474335,2.963196,0.863248,0.183324,-0.470314,-0.239777,0.968816,-0.062467,0.444196,0.166694,0.880286),fov=68.968117,dt=0.016228},
	{cf=CFrame.new(-3.989395,-0.468170,2.928864,0.863793,0.189408,-0.466890,-0.245001,0.967619,-0.060733,0.440268,0.166850,0.882227),fov=68.972572,dt=0.016790},
	{cf=CFrame.new(-3.983772,-0.463562,2.903114,0.864170,0.193968,-0.464312,-0.248921,0.966698,-0.059447,0.437319,0.166949,0.883674),fov=68.972572,dt=0.016622},
	{cf=CFrame.new(-3.976273,-0.457397,2.868797,0.864632,0.200044,-0.460863,-0.254149,0.965439,-0.057750,0.433382,0.167060,0.885590),fov=68.974213,dt=0.016226},
	{cf=CFrame.new(-3.970047,-0.454224,2.831612,0.865570,0.206073,-0.456423,-0.259093,0.964227,-0.056005,0.428554,0.166732,0.887999),fov=68.974449,dt=0.017034},
	{cf=CFrame.new(-3.962799,-0.451477,2.783936,0.866884,0.213583,-0.450438,-0.265162,0.962700,-0.053831,0.422139,0.166104,0.891183),fov=68.974380,dt=0.016679},
	{cf=CFrame.new(-3.957001,-0.449280,2.745796,0.867870,0.219584,-0.445627,-0.270023,0.961442,-0.052122,0.417000,0.165565,0.893700),fov=68.973366,dt=0.016746},
	{cf=CFrame.new(-3.951195,-0.447083,2.707649,0.868799,0.225578,-0.440797,-0.274889,0.960152,-0.050440,0.411854,0.164992,0.896188),fov=68.968956,dt=0.016456},
	{cf=CFrame.new(-3.946854,-0.445435,2.679054,0.869458,0.230069,-0.437162,-0.278541,0.959163,-0.049196,0.407991,0.164541,0.898036),fov=68.957085,dt=0.016653},
	{cf=CFrame.new(-3.939598,-0.442688,2.631378,0.870485,0.237544,-0.431078,-0.284635,0.957475,-0.047156,0.401545,0.163748,0.901081),fov=68.932068,dt=0.016779},
	{cf=CFrame.new(-3.935249,-0.441040,2.602768,0.871058,0.242023,-0.427414,-0.288294,0.956439,-0.045952,0.397674,0.163248,0.902887),fov=68.886574,dt=0.016523},
	{cf=CFrame.new(-3.929451,-0.438843,2.564629,0.871771,0.247987,-0.422512,-0.293176,0.955028,-0.044371,0.392508,0.162552,0.905270),fov=68.811653,dt=0.016718},
	{cf=CFrame.new(-3.923653,-0.436646,2.526489,0.872427,0.253944,-0.417592,-0.298061,0.953586,-0.042817,0.387337,0.161823,0.907625),fov=68.696724,dt=0.016909},
	{cf=CFrame.new(-3.916412,-0.433899,2.478821,0.873166,0.261376,-0.411417,-0.304173,0.951738,-0.040913,0.380867,0.160865,0.910529),fov=68.529587,dt=0.016944},
	{cf=CFrame.new(-3.910614,-0.431732,2.440681,0.873692,0.267311,-0.406456,-0.309065,0.950224,-0.039420,0.375687,0.160062,0.912819),fov=68.296394,dt=0.015768},
	{cf=CFrame.new(-3.906265,-0.430084,2.412071,0.874049,0.271756,-0.402724,-0.312736,0.949067,-0.038319,0.371799,0.159439,0.914519),fov=67.981728,dt=0.016850},
	{cf=CFrame.new(-3.900459,-0.427887,2.373932,0.874474,0.277674,-0.397734,-0.317632,0.947497,-0.036874,0.366613,0.158578,0.916759),fov=67.568459,dt=0.017561},
	{cf=CFrame.new(-3.894669,-0.425690,2.335800,0.874841,0.283581,-0.392726,-0.322530,0.945895,-0.035457,0.361423,0.157686,0.918971),fov=67.037888,dt=0.016499},
	{cf=CFrame.new(-3.887413,-0.422943,2.288124,0.875219,0.290950,-0.386444,-0.328655,0.943848,-0.033726,0.354932,0.156524,0.921696),fov=66.369667,dt=0.015907},
	{cf=CFrame.new(-3.883064,-0.421295,2.259521,0.875403,0.295363,-0.382663,-0.332331,0.942596,-0.032707,0.351036,0.155803,0.923309),fov=65.541855,dt=0.016802},
	{cf=CFrame.new(-3.877266,-0.419098,2.221375,0.875597,0.301236,-0.377607,-0.337233,0.940898,-0.031374,0.345839,0.154812,0.925434),fov=64.530823,dt=0.016905},
	{cf=CFrame.new(-3.877014,-0.418671,2.120003,0.878574,0.294117,-0.376301,-0.329228,0.943740,-0.031044,0.345999,0.151163,0.925977),fov=63.311367,dt=0.018041},
	{cf=CFrame.new(-3.877899,-0.418762,2.051125,0.880721,0.287658,-0.376274,-0.322285,0.946133,-0.031042,0.347076,0.148607,0.925988),fov=61.856613,dt=0.018681},
	{cf=CFrame.new(-3.879395,-0.418915,1.936325,0.884191,0.276859,-0.376238,-0.310675,0.950009,-0.031038,0.348836,0.144331,0.926003),fov=60.138111,dt=0.022628},
	{cf=CFrame.new(-3.880577,-0.419006,1.844482,0.886869,0.268189,-0.376215,-0.301354,0.953007,-0.031034,0.350213,0.140897,0.926012),fov=58.125748,dt=0.034177},
	{cf=CFrame.new(-1.264206,-0.374054,-0.416405,0.961388,0.114488,0.250252,-0.077750,0.985305,-0.152080,-0.263986,0.126751,0.956162),fov=50.000000,dt=0.022981},
	{cf=CFrame.new(1.408424,-0.295197,-2.547379,0.649791,0.067741,0.757088,0.061613,0.988050,-0.141287,-0.757611,0.138453,0.637852),fov=30.000000,dt=0.016477},
	{cf=CFrame.new(1.497978,-0.239136,-2.636772,0.685578,0.166141,0.708788,-0.093176,0.985628,-0.140908,-0.722012,0.030561,0.691205),fov=34.134476,dt=0.017337},
	{cf=CFrame.new(1.513985,-0.231110,-2.651573,0.660705,0.186087,0.727214,-0.132647,0.982482,-0.130892,-0.738833,-0.009982,0.673815),fov=37.973759,dt=0.018248},
	{cf=CFrame.new(1.529984,-0.223053,-2.666367,0.634385,0.204674,0.745429,-0.172020,0.977509,-0.122002,-0.753635,-0.050832,0.655325),fov=41.528786,dt=0.020117},
	{cf=CFrame.new(1.545982,-0.215027,-2.681168,0.606680,0.221846,0.763363,-0.211192,0.970742,-0.114270,-0.766379,-0.091890,0.635782),fov=44.810497,dt=0.021104},
	{cf=CFrame.new(1.582344,-0.296936,-2.623978,0.585940,0.121526,0.801190,-0.065432,0.992558,-0.102700,-0.807709,0.007753,0.589531),fov=50.597668,dt=0.021942},
	{cf=CFrame.new(1.612640,-0.365204,-2.576317,0.554109,0.041366,0.831415,0.055924,0.994658,-0.086759,-0.830563,0.094570,0.548836),fov=53.125000,dt=0.022154},
	{cf=CFrame.new(1.642937,-0.433441,-2.528664,0.509679,-0.033907,0.859696,0.174950,0.982431,-0.064972,-0.842389,0.183519,0.506657),fov=55.422741,dt=0.021627},
	{cf=CFrame.new(1.635139,-0.446472,-2.510811,0.510639,-0.022676,0.859496,0.151869,0.986313,-0.064206,-0.846276,0.163317,0.507094),fov=59.373177,dt=0.022363},
	{cf=CFrame.new(1.625801,-0.462067,-2.489388,0.511334,-0.009157,0.859333,0.124065,0.990255,-0.063271,-0.850380,0.138966,0.507487),fov=61.047745,dt=0.021742},
	{cf=CFrame.new(1.618004,-0.475098,-2.471535,0.511529,0.002130,0.859263,0.100824,0.992940,-0.062483,-0.853330,0.118596,0.507703),fov=62.536449,dt=0.015814},
	{cf=CFrame.new(1.611771,-0.485504,-2.457253,0.511434,0.011167,0.859250,0.082193,0.994695,-0.061850,-0.855383,0.102257,0.507803),fov=63.850220,dt=0.017819},
	{cf=CFrame.new(1.604477,-0.475098,-2.422615,0.527232,0.014482,0.849598,0.063994,0.996338,-0.056696,-0.847308,0.084261,0.524375),fov=65.000000,dt=0.013766},
	{cf=CFrame.new(1.599007,-0.467285,-2.396637,0.538890,0.017199,0.842200,0.050359,0.997346,-0.052590,-0.840869,0.070753,0.536593),fov=65.996712,dt=0.018282},
	{cf=CFrame.new(1.591713,-0.456909,-2.361992,0.554172,0.021127,0.832134,0.032208,0.998385,-0.046797,-0.831778,0.052736,0.552597),fov=66.851303,dt=0.015171},
	{cf=CFrame.new(1.582596,-0.443909,-2.318695,0.572840,0.026524,0.819238,0.009584,0.999191,-0.039053,-0.819611,0.030223,0.572123),fov=67.574707,dt=0.016319},
	{cf=CFrame.new(1.574623,-0.438629,-2.298996,0.579287,0.033105,0.814451,-0.005150,0.999304,-0.036956,-0.815107,0.017214,0.579054),fov=68.177841,dt=0.016457},
	{cf=CFrame.new(1.561340,-0.429871,-2.266167,0.589664,0.044322,0.806432,-0.029706,0.999008,-0.033185,-0.807102,-0.004388,0.590395),fov=68.671638,dt=0.016842},
	{cf=CFrame.new(1.553375,-0.424622,-2.246460,0.595665,0.051197,0.801599,-0.044433,0.998539,-0.030758,-0.802003,-0.017296,0.597070),fov=69.067055,dt=0.016664},
	{cf=CFrame.new(1.542755,-0.417633,-2.220200,0.603403,0.060529,0.795136,-0.064051,0.997572,-0.027333,-0.794860,-0.034437,0.605815),fov=69.375000,dt=0.016294},
	{cf=CFrame.new(1.532135,-0.410614,-2.193939,0.610835,0.070044,0.788653,-0.083641,0.996214,-0.023695,-0.787327,-0.051490,0.614381),fov=69.606415,dt=0.016949},
	{cf=CFrame.new(1.521507,-0.403595,-2.167671,0.617957,0.079734,0.782158,-0.103193,0.994463,-0.019848,-0.779410,-0.068448,0.622764),fov=69.772232,dt=0.019924},
	{cf=CFrame.new(1.504898,-0.398254,-2.143219,0.620360,0.095793,0.778445,-0.129422,0.991410,-0.018860,-0.773565,-0.089048,0.627429),fov=69.883385,dt=0.015652},
	{cf=CFrame.new(1.490944,-0.394623,-2.125336,0.620675,0.109416,0.776396,-0.150721,0.988398,-0.018803,-0.769445,-0.105348,0.629965),fov=69.950806,dt=0.020434},
	{cf=CFrame.new(1.476990,-0.391022,-2.107445,0.620634,0.123046,0.774386,-0.171958,0.984927,-0.018683,-0.765012,-0.121567,0.632438),fov=69.985420,dt=0.021318},
	{cf=CFrame.new(1.444267,-0.386475,-2.071213,0.629325,0.131200,0.765987,-0.178840,0.983642,-0.021548,-0.756284,-0.123429,0.642495),fov=70.000000,dt=0.015394},
	{cf=CFrame.new(1.422447,-0.383423,-2.047050,0.635024,0.136654,0.760309,-0.183452,0.982750,-0.023411,-0.750393,-0.124614,0.649140),fov=70.000397,dt=0.015603},
	{cf=CFrame.new(1.406082,-0.381165,-2.028931,0.639248,0.140752,0.756009,-0.186923,0.982062,-0.024784,-0.745936,-0.125473,0.654091),fov=70.006332,dt=0.012746},
	{cf=CFrame.new(1.389725,-0.378876,-2.010818,0.643428,0.144858,0.751676,-0.190405,0.981358,-0.026136,-0.741449,-0.126306,0.659015),fov=70.006332,dt=0.016291},
	{cf=CFrame.new(1.367905,-0.375854,-1.986656,0.648933,0.150344,0.745843,-0.195063,0.980394,-0.027905,-0.735415,-0.127378,0.665537),fov=70.031998,dt=0.020732},
	{cf=CFrame.new(1.346085,-0.372803,-1.962502,0.654360,0.155841,0.739950,-0.199739,0.979401,-0.029637,-0.729326,-0.128404,0.672008),fov=70.101128,dt=0.024542},
	{cf=CFrame.new(1.294144,-0.368500,-1.909241,0.674387,0.150280,0.722924,-0.179203,0.983109,-0.037195,-0.716302,-0.104466,0.689926),fov=70.512001,dt=0.016648},
	{cf=CFrame.new(1.242439,-0.361969,-1.858742,0.676396,0.135131,0.724036,-0.152284,0.987443,-0.042028,-0.720623,-0.081832,0.688481),fov=70.948540,dt=0.013000},
	{cf=CFrame.new(1.198158,-0.356018,-1.815849,0.675160,0.120875,0.727701,-0.128204,0.990698,-0.045613,-0.726445,-0.062498,0.684376),fov=71.618172,dt=0.012754},
	{cf=CFrame.new(1.153870,-0.350098,-1.772964,0.673494,0.106677,0.731454,-0.104048,0.993361,-0.049071,-0.731833,-0.043058,0.680122),fov=72.592003,dt=0.012529},
	{cf=CFrame.new(1.109581,-0.344147,-1.730072,0.671400,0.092549,0.735294,-0.079832,0.995430,-0.052396,-0.736783,-0.023521,0.675720),fov=72.592003,dt=0.015285},
	{cf=CFrame.new(1.050537,-0.336243,-1.672882,0.667943,0.073840,0.740540,-0.047476,0.997267,-0.056616,-0.742696,0.002659,0.669623),fov=73.950615,dt=0.014850},
	{cf=CFrame.new(0.991486,-0.328339,-1.615692,0.663731,0.055302,0.745924,-0.015074,0.998049,-0.060580,-0.747819,0.028965,0.663270),fov=75.784096,dt=0.016591},
	{cf=CFrame.new(0.947212,-0.322418,-1.572800,0.660079,0.041526,0.750047,0.009235,0.997947,-0.063379,-0.751139,0.048762,0.658340),fov=78.192001,dt=0.020490},
	{cf=CFrame.new(0.866135,-0.310394,-1.495544,0.642828,0.012974,0.765901,0.057289,0.996242,-0.064959,-0.763866,0.085635,0.639669),fov=81.283363,dt=0.023017},
	{cf=CFrame.new(-1.912415,-0.652100,-0.799393,0.938702,-0.242033,-0.245477,0.229057,0.970074,-0.080551,0.257627,0.019385,0.966050),fov=90.000000,dt=0.019151},
	{cf=CFrame.new(-4.556610,-0.994507,-0.192009,0.108629,-0.245803,-0.963214,0.244548,0.945778,-0.213774,0.963533,-0.212330,0.162850),fov=45.000000,dt=0.014784},
	{cf=CFrame.new(-4.436287,-0.914368,-0.111359,0.163395,-0.176030,-0.970729,0.085912,0.982754,-0.163750,0.982813,-0.056642,0.175700),fov=45.000023,dt=0.011639},
	{cf=CFrame.new(-4.364098,-0.866272,-0.062958,0.186960,-0.130041,-0.973722,-0.012716,0.990796,-0.134763,0.982285,0.037577,0.183586),fov=45.000343,dt=0.015849},
	{cf=CFrame.new(-4.270164,-0.815002,-0.006500,0.212248,-0.072581,-0.974517,-0.112101,0.988846,-0.098064,0.970765,0.130058,0.201745),fov=45.001747,dt=0.017208},
	{cf=CFrame.new(-4.204964,-0.805389,0.017700,0.239263,-0.044086,-0.969953,-0.111749,0.991080,-0.072612,0.964503,0.125764,0.232202),fov=45.001747,dt=0.027495},
	{cf=CFrame.new(-4.040710,-0.771454,0.063431,0.309372,0.007602,-0.950911,-0.099538,0.994734,-0.024432,0.945717,0.102210,0.308499),fov=45.013489,dt=0.018207},
	{cf=CFrame.new(-3.963394,-0.750336,0.076897,0.343721,0.020680,-0.938844,-0.087054,0.996154,-0.009929,0.935028,0.085143,0.344199),fov=45.027973,dt=0.018142},
	{cf=CFrame.new(-3.886078,-0.729248,0.090370,0.377681,0.033210,-0.925340,-0.075018,0.997169,0.005169,0.922892,0.067465,0.379102),fov=45.051819,dt=0.018770},
	{cf=CFrame.new(-3.789421,-0.702850,0.107193,0.419500,0.048061,-0.906482,-0.060645,0.997850,0.024840,0.905727,0.044553,0.421513),fov=45.141590,dt=0.024070},
	{cf=CFrame.new(-3.712105,-0.681732,0.120667,0.452388,0.059263,-0.889850,-0.049713,0.997914,0.041186,0.890435,0.025605,0.454390),fov=45.215813,dt=0.042585},
	{cf=CFrame.new(-3.518707,-0.607117,0.120102,0.537788,0.037166,-0.842260,0.011950,0.998592,0.051695,0.842995,-0.037866,0.536586),fov=45.447510,dt=0.020908},
	{cf=CFrame.new(-3.446754,-0.575775,0.120850,0.571631,0.016999,-0.820334,0.042384,0.997839,0.050212,0.819415,-0.063471,0.569676),fov=45.829063,dt=0.018556},
	{cf=CFrame.new(-3.438255,-0.571930,0.133026,0.581594,0.009482,-0.813424,0.048933,0.997714,0.046617,0.812006,-0.066915,0.579800),fov=46.092560,dt=0.017721},
	{cf=CFrame.new(-3.427635,-0.567108,0.148239,0.593840,0.000008,-0.804583,0.057200,0.997469,0.042227,0.802547,-0.071098,0.592337),fov=46.414352,dt=0.022422},
	{cf=CFrame.new(-3.419136,-0.563263,0.160423,0.603469,-0.007631,-0.797350,0.063876,0.997203,0.038800,0.794824,-0.074346,0.602268),fov=46.802494,dt=0.029398},
	{cf=CFrame.new(-3.402145,-0.555542,0.184769,0.622267,-0.023063,-0.782465,0.077389,0.996482,0.032174,0.778970,-0.080575,0.621863),fov=47.812500,dt=0.020189},
	{cf=CFrame.new(-3.391533,-0.550720,0.199989,0.633700,-0.032807,-0.772882,0.085939,0.995901,0.028190,0.768790,-0.084285,0.633923),fov=48.453007,dt=0.025523},
	{cf=CFrame.new(-3.378784,-0.544922,0.218254,0.647092,-0.044595,-0.761106,0.096302,0.995073,0.023571,0.756305,-0.088549,0.648199),fov=50.055553,dt=0.019844},
	{cf=CFrame.new(-3.368164,-0.540100,0.233475,0.657974,-0.054495,-0.751066,0.105018,0.994272,0.019860,0.745681,-0.091943,0.659928),fov=51.039341,dt=0.019013},
	{cf=CFrame.new(-3.357544,-0.535278,0.248688,0.668600,-0.064460,-0.740823,0.113806,0.993370,0.016276,0.734862,-0.095192,0.671503),fov=52.160164,dt=0.019410},
	{cf=CFrame.new(-3.349052,-0.531433,0.260864,0.676913,-0.072478,-0.732486,0.120885,0.992575,0.013500,0.726068,-0.097685,0.680648),fov=53.430202,dt=0.017344},
	{cf=CFrame.new(-3.340553,-0.527557,0.273041,0.685057,-0.080534,-0.724024,0.128006,0.991714,0.010808,0.717154,-0.100083,0.689690),fov=54.862148,dt=0.013379},
	{cf=CFrame.new(-3.334183,-0.524689,0.282166,0.691054,-0.086600,-0.717596,0.133374,0.991026,0.008843,0.710391,-0.101819,0.696403),fov=56.469200,dt=0.016615},
	{cf=CFrame.new(-3.325691,-0.520813,0.294342,0.698900,-0.094719,-0.708920,0.140565,0.990051,0.006297,0.701271,-0.104050,0.705261),fov=58.265091,dt=0.017363},
	{cf=CFrame.new(-3.317192,-0.516968,0.306526,0.706572,-0.102872,-0.700124,0.147794,0.989011,0.003835,0.692036,-0.106184,0.714011),fov=60.264061,dt=0.016069},
	{cf=CFrame.new(-3.308693,-0.513123,0.318695,0.714069,-0.111057,-0.691211,0.155059,0.987904,0.001460,0.682688,-0.108221,0.722652),fov=62.480873,dt=0.017254},
	{cf=CFrame.new(-3.289352,-0.506439,0.338226,0.726100,-0.125701,-0.676001,0.165838,0.986139,-0.005242,0.667290,-0.108301,0.736881),fov=64.930809,dt=0.016380},
	{cf=CFrame.new(-3.266380,-0.498871,0.360214,0.739136,-0.142497,-0.658311,0.177958,0.983950,-0.013176,0.649622,-0.107413,0.752631),fov=67.629662,dt=0.017341},
	{cf=CFrame.new(-3.243416,-0.491272,0.382195,0.751540,-0.159286,-0.640168,0.190272,0.981510,-0.020844,0.631651,-0.106141,0.767952),fov=70.593742,dt=0.016477},
	{cf=CFrame.new(-3.220459,-0.483673,0.404182,0.763304,-0.176056,-0.621588,0.202770,0.978819,-0.028237,0.613394,-0.104486,0.782835),fov=73.839912,dt=0.017235},
	{cf=CFrame.new(-3.197495,-0.476074,0.426163,0.774417,-0.192794,-0.602585,0.215443,0.975876,-0.035349,0.594864,-0.102448,0.797271),fov=77.385475,dt=0.015829},
	{cf=CFrame.new(-3.174530,-0.468506,0.448143,0.784870,-0.209488,-0.583176,0.228281,0.972682,-0.042174,0.576079,-0.100027,0.811250),fov=81.248344,dt=0.017516},
	{cf=CFrame.new(-3.151566,-0.460907,0.470123,0.794655,-0.226124,-0.563374,0.241273,0.969234,-0.048704,0.557055,-0.097224,0.824765),fov=85.446884,dt=0.015906},
	{cf=CFrame.new(-2.761482,-0.897003,-0.064507,0.878504,-0.474866,-0.052285,0.448577,0.857579,-0.251669,0.164348,0.197638,0.966400),fov=90.000000,dt=0.019542},
	{cf=CFrame.new(-2.754196,-1.052429,-0.230713,0.835345,-0.538121,0.112356,0.546130,0.789023,-0.281398,0.062775,0.296425,0.952991),fov=50.000000,dt=0.012647},
	{cf=CFrame.new(-2.844849,-1.059448,-0.220299,0.826937,-0.553707,0.097896,0.557092,0.783145,-0.276285,0.076314,0.283007,0.956077),fov=52.140930,dt=0.017049},
	{cf=CFrame.new(-2.965729,-1.068817,-0.206406,0.815079,-0.574009,0.078480,0.571665,0.774866,-0.269781,0.094046,0.264757,0.959718),fov=54.123356,dt=0.016527},
	{cf=CFrame.new(-3.086601,-1.078186,-0.192528,0.802491,-0.593747,0.058926,0.586173,0.766090,-0.263643,0.111395,0.246112,0.962819),fov=55.953362,dt=0.017216},
	{cf=CFrame.new(-3.158028,-1.074982,-0.180450,0.830837,-0.553493,0.057922,0.550448,0.801987,-0.231999,0.081958,0.224636,0.970990),fov=57.637047,dt=0.016421},
	{cf=CFrame.new(-3.201263,-1.061401,-0.171509,0.860394,-0.504917,0.069138,0.507644,0.837159,-0.203621,0.044932,0.210292,0.976605),fov=59.180511,dt=0.017593},
	{cf=CFrame.new(-3.250420,-1.041840,-0.161392,0.889687,-0.448261,0.086714,0.456566,0.872560,-0.173746,0.002220,0.194170,0.980965),fov=61.871159,dt=0.018033},
	{cf=CFrame.new(-3.289749,-1.026184,-0.153290,0.909950,-0.401911,0.102271,0.413533,0.897961,-0.150521,-0.031339,0.179259,0.983302),fov=63.030533,dt=0.014876},
	{cf=CFrame.new(-3.319237,-1.014465,-0.147217,0.923246,-0.366665,0.114773,0.380094,0.915254,-0.133559,-0.056075,0.166933,0.984372),fov=63.030533,dt=0.016080},
	{cf=CFrame.new(-3.358566,-0.998810,-0.139122,0.938390,-0.319164,0.132507,0.334082,0.935911,-0.111623,-0.088389,0.149014,0.984877),fov=64.074066,dt=0.017871},
	{cf=CFrame.new(-3.407722,-0.979248,-0.128998,0.953087,-0.259225,0.156291,0.274510,0.957783,-0.085419,-0.127551,0.124315,0.984010),fov=65.838036,dt=0.015909},
	{cf=CFrame.new(-3.425507,-0.961334,-0.125450,0.955867,-0.238266,0.171893,0.254882,0.963505,-0.081810,-0.146127,0.122012,0.981713),fov=65.838036,dt=0.016791},
	{cf=CFrame.new(-3.449211,-0.937439,-0.120720,0.958453,-0.210251,0.192776,0.228475,0.970459,-0.077510,-0.170785,0.118334,0.978176),fov=66.570648,dt=0.016593},
	{cf=CFrame.new(-3.488190,-0.891602,-0.176468,0.962499,-0.184397,0.198979,0.201058,0.977293,-0.066886,-0.182127,0.104384,0.977718),fov=67.211807,dt=0.016542},
	{cf=CFrame.new(-3.532257,-0.838470,-0.252365,0.966656,-0.159180,0.200591,0.173155,0.983410,-0.054052,-0.188659,0.086984,0.978183),fov=67.767616,dt=0.016543},
	{cf=CFrame.new(-3.576324,-0.785309,-0.328270,0.970074,-0.133881,0.202565,0.145047,0.988564,-0.041253,-0.194725,0.069400,0.978399),fov=68.244171,dt=0.016709},
	{cf=CFrame.new(-3.620392,-0.732178,-0.404167,0.972748,-0.108525,0.204898,0.116761,0.992751,-0.028503,-0.200319,0.051651,0.978368),fov=68.647568,dt=0.016481},
	{cf=CFrame.new(-3.664459,-0.679016,-0.480064,0.974677,-0.083139,0.207589,0.088323,0.995966,-0.015816,-0.205437,0.033751,0.978088),fov=68.983887,dt=0.017553},
	{cf=CFrame.new(-3.658386,-0.565521,-0.481430,0.970433,-0.069626,0.231108,0.070956,0.997476,0.002563,-0.230703,0.013911,0.972925),fov=69.259262,dt=0.016182},
	{cf=CFrame.new(-3.635605,-0.431946,-0.457970,0.963304,-0.060651,0.261469,0.056750,0.998136,0.022454,-0.262344,-0.006792,0.964950),fov=69.479744,dt=0.017958},
	{cf=CFrame.new(-3.607124,-0.264954,-0.428642,0.952822,-0.050384,0.299319,0.038134,0.998184,0.046631,-0.301125,-0.033017,0.953013),fov=69.780518,dt=0.018867},
	{cf=CFrame.new(-3.515648,-0.149506,-0.432251,0.934925,-0.050310,0.351262,0.031092,0.997705,0.060143,-0.353481,-0.045307,0.934344),fov=69.872978,dt=0.019801},
	{cf=CFrame.new(-3.401299,-0.005219,-0.436768,0.908534,-0.051210,0.414661,0.021307,0.996848,0.076425,-0.417268,-0.060600,0.906761),fov=69.934967,dt=0.018315},
	{cf=CFrame.new(-3.309814,0.110229,-0.440384,0.884288,-0.052718,0.463957,0.012723,0.995958,0.088918,-0.466769,-0.072726,0.881384),fov=69.972572,dt=0.017590},
	{cf=CFrame.new(-3.195457,0.254517,-0.444908,0.850193,-0.055577,0.523530,0.001096,0.994597,0.103805,-0.526470,-0.087681,0.845660),fov=69.991875,dt=0.016584},
	{cf=CFrame.new(-3.103981,0.369965,-0.448524,0.819993,-0.058632,0.569363,-0.008887,0.993315,0.115089,-0.572305,-0.099432,0.813990),fov=69.998985,dt=0.017438},
	{cf=CFrame.new(-2.978134,0.476318,-0.465683,0.779919,-0.065632,0.622429,-0.015128,0.992219,0.123580,-0.625697,-0.105798,0.772858),fov=70.000000,dt=0.017082},
	{cf=CFrame.new(-2.853859,0.550110,-0.493225,0.734546,-0.079146,0.673927,-0.011023,0.991651,0.128475,-0.678469,-0.101800,0.727541),fov=70.666664,dt=0.019341},
	{cf=CFrame.new(-2.765480,0.600464,-0.517624,0.692170,-0.095237,0.715423,-0.000756,0.991159,0.132675,-0.721734,-0.092374,0.685979),fov=71.333336,dt=0.018576},
	{cf=CFrame.new(-2.655006,0.663391,-0.548111,0.635483,-0.114428,0.763588,0.011519,0.990252,0.138809,-0.772029,-0.079415,0.630607),fov=72.000000,dt=0.019187},
	{cf=CFrame.new(-2.544525,0.726318,-0.578606,0.574983,-0.132508,0.807364,0.023100,0.989034,0.145873,-0.817839,-0.065224,0.571738),fov=73.333336,dt=0.018956},
	{cf=CFrame.new(-2.456154,0.776672,-0.603004,0.524078,-0.146111,0.839043,0.031815,0.987845,0.152152,-0.851076,-0.053046,0.522357),fov=74.000000,dt=0.019697},
